#-----------------+
#  TRI SELECTION  |
#-----------------+
#
#+--------+-----------------------------+
#|        |           aleatoire           |
#| Taille | Opérations     Comparaisons |
#+ -------+--------------+--------------+
       1              0               0  
       2              3               1  
       3              6               3  
       4              6               6  
       5              9              10  
       6              6              15  
       7             12              21  
       8             18              28  
       9             18              36  
      10             24              45  
      11             21              55  
      12             27              66  
      13             36              78  
      14             33              91  
      15             42             105  
      16             33             120  
      17             39             136  
      18             42             153  
      19             51             171  
      20             54             190  
      21             51             210  
      22             57             231  
      23             51             253  
      24             57             276  
      25             60             300  
      26             63             325  
      27             72             351  
      28             72             378  
      29             75             406  
      30             78             435  
      31             75             465  
      32             90             496  
      33             93             528  
      34             93             561  
      35             90             595  
      36            102             630  
      37            102             666  
      38            102             703  
      39            108             741  
      40            108             780  
      41            111             820  
      42            117             861  
      43            111             903  
      44            120             946  
      45            123             990  
      46            120            1035  
      47            129            1081  
      48            126            1128  
      49            129            1176  
      50            141            1225  
      51            144            1275  
      52            141            1326  
      53            147            1378  
      54            147            1431  
      55            147            1485  
      56            150            1540  
      57            162            1596  
      58            162            1653  
      59            168            1711  
      60            165            1770  
      61            156            1830  
      62            180            1891  
      63            180            1953  
      64            177            2016  
      65            177            2080  
      66            174            2145  
      67            192            2211  
      68            180            2278  
      69            195            2346  
      70            204            2415  
      71            204            2485  
      72            204            2556  
      73            207            2628  
      74            195            2701  
      75            210            2775  
      76            210            2850  
      77            225            2926  
      78            222            3003  
      79            216            3081  
      80            216            3160  
      81            231            3240  
      82            234            3321  
      83            222            3403  
      84            240            3486  
      85            246            3570  
      86            243            3655  
      87            246            3741  
      88            243            3828  
      89            243            3916  
      90            261            4005  
      91            270            4095  
      92            255            4186  
      93            261            4278  
      94            261            4371  
      95            270            4465  
      96            282            4560  
      97            276            4656  
      98            267            4753  
      99            270            4851  
     100            288            4950  
     101            294            5050  
     102            291            5151  
     103            288            5253  
     104            294            5356  
     105            303            5460  
     106            312            5565  
     107            303            5671  
     108            309            5778  
     109            306            5886  
     110            315            5995  
     111            321            6105  
     112            315            6216  
     113            318            6328  
     114            318            6441  
     115            336            6555  
     116            333            6670  
     117            336            6786  
     118            342            6903  
     119            342            7021  
     120            345            7140  
     121            345            7260  
     122            357            7381  
     123            354            7503  
     124            357            7626  
     125            357            7750  
     126            357            7875  
     127            360            8001  
     128            369            8128  
     129            375            8256  
     130            372            8385  
     131            375            8515  
     132            387            8646  
     133            390            8778  
     134            393            8911  
     135            387            9045  
     136            384            9180  
     137            393            9316  
     138            393            9453  
     139            402            9591  
     140            408            9730  
     141            402            9870  
     142            411           10011  
     143            411           10153  
     144            402           10296  
     145            423           10440  
     146            423           10585  
     147            438           10731  
     148            423           10878  
     149            426           11026  
     150            438           11175  
     151            435           11325  
     152            432           11476  
     153            432           11628  
     154            435           11781  
     155            444           11935  
     156            462           12090  
     157            453           12246  
     158            450           12403  
     159            447           12561  
     160            459           12720  
     161            465           12880  
     162            468           13041  
     163            474           13203  
     164            486           13366  
     165            477           13530  
     166            480           13695  
     167            480           13861  
     168            492           14028  
     169            477           14196  
     170            501           14365  
     171            489           14535  
     172            501           14706  
     173            498           14878  
     174            504           15051  
     175            504           15225  
     176            516           15400  
     177            504           15576  
     178            525           15753  
     179            525           15931  
     180            522           16110  
     181            528           16290  
     182            531           16471  
     183            531           16653  
     184            540           16836  
     185            540           17020  
     186            540           17205  
     187            546           17391  
     188            540           17578  
     189            546           17766  
     190            549           17955  
     191            558           18145  
     192            555           18336  
     193            570           18528  
     194            561           18721  
     195            576           18915  
     196            564           19110  
     197            567           19306  
     198            576           19503  
     199            585           19701  
     200            576           19900  
     201            582           20100  
     202            594           20301  
     203            597           20503  
     204            603           20706  
     205            606           20910  
     206            606           21115  
     207            606           21321  
     208            612           21528  
     209            594           21736  
     210            624           21945  
     211            612           22155  
     212            609           22366  
     213            612           22578  
     214            630           22791  
     215            624           23005  
     216            636           23220  
     217            639           23436  
     218            636           23653  
     219            642           23871  
     220            642           24090  
     221            639           24310  
     222            648           24531  
     223            651           24753  
     224            648           24976  
     225            660           25200  
     226            660           25425  
     227            666           25651  
     228            669           25878  
     229            678           26106  
     230            675           26335  
     231            675           26565  
     232            684           26796  
     233            687           27028  
     234            687           27261  
     235            690           27495  
     236            690           27730  
     237            699           27966  
     238            687           28203  
     239            702           28441  
     240            705           28680  
     241            702           28920  
     242            693           29161  
     243            711           29403  
     244            723           29646  
     245            717           29890  
     246            723           30135  
     247            726           30381  
     248            735           30628  
     249            726           30876  
     250            741           31125  
     251            732           31375  
     252            732           31626  
     253            747           31878  
     254            750           32131  
     255            750           32385  
     256            747           32640  
     257            759           32896  
     258            756           33153  
     259            753           33411  
     260            765           33670  
     261            765           33930  
     262            780           34191  
     263            777           34453  
     264            768           34716  
     265            783           34980  
     266            783           35245  
     267            783           35511  
     268            789           35778  
     269            786           36046  
     270            786           36315  
     271            801           36585  
     272            792           36856  
     273            804           37128  
     274            804           37401  
     275            807           37675  
     276            819           37950  
     277            819           38226  
     278            819           38503  
     279            825           38781  
     280            831           39060  
     281            831           39340  
     282            813           39621  
     283            819           39903  
     284            834           40186  
     285            840           40470  
     286            843           40755  
     287            840           41041  
     288            849           41328  
     289            861           41616  
     290            852           41905  
     291            849           42195  
     292            855           42486  
     293            867           42778  
     294            858           43071  
     295            870           43365  
     296            873           43660  
     297            879           43956  
     298            873           44253  
     299            873           44551  
     300            873           44850  
     301            891           45150  
     302            885           45451  
     303            891           45753  
     304            891           46056  
     305            900           46360  
     306            903           46665  
     307            900           46971  
     308            897           47278  
     309            915           47586  
     310            909           47895  
     311            900           48205  
     312            918           48516  
     313            918           48828  
     314            924           49141  
     315            927           49455  
     316            924           49770  
     317            936           50086  
     318            927           50403  
     319            945           50721  
     320            939           51040  
     321            957           51360  
     322            936           51681  
     323            951           52003  
     324            960           52326  
     325            954           52650  
     326            948           52975  
     327            969           53301  
     328            972           53628  
     329            966           53956  
     330            972           54285  
     331            966           54615  
     332            987           54946  
     333            975           55278  
     334            984           55611  
     335            987           55945  
     336            996           56280  
     337            996           56616  
     338            996           56953  
     339           1002           57291  
     340           1005           57630  
     341           1008           57970  
     342           1017           58311  
     343           1011           58653  
     344           1008           58996  
     345           1011           59340  
     346           1023           59685  
     347           1020           60031  
     348           1029           60378  
     349           1032           60726  
     350           1032           61075  
     351           1035           61425  
     352           1041           61776  
     353           1047           62128  
     354           1035           62481  
     355           1053           62835  
     356           1053           63190  
     357           1050           63546  
     358           1053           63903  
     359           1047           64261  
     360           1065           64620  
     361           1065           64980  
     362           1068           65341  
     363           1065           65703  
     364           1071           66066  
     365           1077           66430  
     366           1086           66795  
     367           1086           67161  
     368           1077           67528  
     369           1083           67896  
     370           1092           68265  
     371           1095           68635  
     372           1095           69006  
     373           1101           69378  
     374           1101           69751  
     375           1110           70125  
     376           1116           70500  
     377           1113           70876  
     378           1107           71253  
     379           1116           71631  
     380           1125           72010  
     381           1125           72390  
     382           1122           72771  
     383           1131           73153  
     384           1143           73536  
     385           1137           73920  
     386           1137           74305  
     387           1143           74691  
     388           1152           75078  
     389           1146           75466  
     390           1149           75855  
     391           1164           76245  
     392           1158           76636  
     393           1161           77028  
     394           1170           77421  
     395           1176           77815  
     396           1170           78210  
     397           1167           78606  
     398           1176           79003  
     399           1185           79401  
     400           1188           79800  
     401           1182           80200  
     402           1185           80601  
     403           1188           81003  
     404           1197           81406  
     405           1197           81810  
     406           1197           82215  
     407           1200           82621  
     408           1197           83028  
     409           1203           83436  
     410           1215           83845  
     411           1197           84255  
     412           1206           84666  
     413           1230           85078  
     414           1230           85491  
     415           1230           85905  
     416           1233           86320  
     417           1230           86736  
     418           1233           87153  
     419           1236           87571  
     420           1239           87990  
     421           1254           88410  
     422           1245           88831  
     423           1251           89253  
     424           1251           89676  
     425           1257           90100  
     426           1266           90525  
     427           1260           90951  
     428           1257           91378  
     429           1269           91806  
     430           1266           92235  
     431           1275           92665  
     432           1281           93096  
     433           1293           93528  
     434           1284           93961  
     435           1281           94395  
     436           1287           94830  
     437           1287           95266  
     438           1287           95703  
     439           1296           96141  
     440           1299           96580  
     441           1293           97020  
     442           1308           97461  
     443           1314           97903  
     444           1308           98346  
     445           1320           98790  
     446           1323           99235  
     447           1323           99681  
     448           1326          100128  
     449           1323          100576  
     450           1326          101025  
     451           1332          101475  
     452           1341          101926  
     453           1347          102378  
     454           1341          102831  
     455           1350          103285  
     456           1350          103740  
     457           1353          104196  
     458           1362          104653  
     459           1353          105111  
     460           1350          105570  
     461           1362          106030  
     462           1374          106491  
     463           1374          106953  
     464           1365          107416  
     465           1371          107880  
     466           1392          108345  
     467           1374          108811  
     468           1383          109278  
     469           1365          109746  
     470           1389          110215  
     471           1395          110685  
     472           1395          111156  
     473           1398          111628  
     474           1404          112101  
     475           1413          112575  
     476           1410          113050  
     477           1416          113526  
     478           1416          114003  
     479           1416          114481  
     480           1413          114960  
     481           1428          115440  
     482           1425          115921  
     483           1428          116403  
     484           1437          116886  
     485           1452          117370  
     486           1428          117855  
     487           1455          118341  
     488           1452          118828  
     489           1443          119316  
     490           1449          119805  
     491           1449          120295  
     492           1449          120786  
     493           1473          121278  
     494           1467          121771  
     495           1458          122265  
     496           1461          122760  
     497           1476          123256  
     498           1476          123753  
     499           1491          124251  
     500           1479          124750  
     501           1485          125250  
     502           1476          125751  
     503           1500          126253  
     504           1491          126756  
     505           1494          127260  
     506           1491          127765  
     507           1491          128271  
     508           1509          128778  
     509           1497          129286  
     510           1500          129795  
     511           1524          130305  
     512           1515          130816  
#+ -------+--------------+--------------+--------------+--------------+--------------+--------------+
