#-----------------+
#  TRI INSERTION  |
#-----------------+
#
#+--------+-----------------------------+
#|        |           aleatoire           |
#| Taille | Opérations     Comparaisons |
#+ -------+--------------+--------------+
       1              0               0  
       2              2               1  
       3              5               3  
       4             11               6  
       5             16              10  
       6             20              13  
       7             22              15  
       8             34              24  
       9             43              30  
      10             40              30  
      11             57              44  
      12             58              43  
      13             55              42  
      14             77              61  
      15             70              53  
      16             78              59  
      17             88              71  
      18            104              83  
      19            125             104  
      20            144             124  
      21            141             121  
      22            142             119  
      23            166             141  
      24            205             178  
      25            238             213  
      26            222             194  
      27            225             197  
      28            282             252  
      29            309             276  
      30            275             243  
      31            274             242  
      32            320             287  
      33            348             312  
      34            362             328  
      35            352             316  
      36            369             333  
      37            419             378  
      38            426             386  
      39            454             413  
      40            432             387  
      41            500             459  
      42            526             481  
      43            608             559  
      44            560             515  
      45            554             509  
      46            618             569  
      47            614             564  
      48            590             539  
      49            727             674  
      50            656             606  
      51            770             718  
      52            776             721  
      53            718             665  
      54            865             809  
      55            866             804  
      56            925             867  
      57            877             817  
      58            974             913  
      59            996             934  
      60            992             929  
      61           1150            1084  
      62            990             924  
      63           1078            1013  
      64           1279            1214  
      65            925             858  
      66           1240            1173  
      67           1254            1182  
      68           1264            1193  
      69           1228            1156  
      70           1484            1412  
      71           1301            1230  
      72           1260            1183  
      73           1559            1482  
      74           1526            1447  
      75           1449            1369  
      76           1771            1692  
      77           1730            1652  
      78           1569            1486  
      79           1714            1633  
      80           1702            1622  
      81           1673            1590  
      82           1776            1694  
      83           1821            1735  
      84           1814            1726  
      85           1697            1607  
      86           2158            2068  
      87           2283            2192  
      88           1820            1729  
      89           1972            1878  
      90           2226            2134  
      91           2122            2024  
      92           2429            2329  
      93           2544            2447  
      94           2252            2157  
      95           2652            2555  
      96           2300            2203  
      97           2339            2237  
      98           2632            2530  
      99           2465            2364  
     100           2760            2656  
     101           2784            2681  
     102           2790            2686  
     103           2959            2851  
     104           2921            2813  
     105           2901            2793  
     106           2881            2769  
     107           2864            2751  
     108           2976            2866  
     109           3056            2940  
     110           2750            2637  
     111           3581            3464  
     112           3122            3008  
     113           3491            3371  
     114           3317            3200  
     115           3546            3428  
     116           3157            3039  
     117           3373            3254  
     118           3688            3564  
     119           3734            3611  
     120           4290            4167  
     121           4033            3909  
     122           3721            3594  
     123           4077            3950  
     124           4005            3878  
     125           3719            3591  
     126           4130            4003  
     127           4436            4307  
     128           4431            4299  
     129           4015            3886  
     130           4602            4469  
     131           4266            4131  
     132           4803            4669  
     133           4159            4024  
     134           4793            4653  
     135           4972            4831  
     136           4979            4837  
     137           5196            5058  
     138           4410            4269  
     139           5251            5108  
     140           4788            4646  
     141           5551            5408  
     142           5691            5544  
     143           5289            5140  
     144           5688            5542  
     145           5742            5590  
     146           6050            5900  
     147           5945            5791  
     148           6006            5856  
     149           5209            5060  
     150           5741            5583  
     151           5751            5597  
     152           5741            5584  
     153           5877            5724  
     154           6193            6037  
     155           6462            6305  
     156           6107            5948  
     157           6456            6295  
     158           7083            6921  
     159           6956            6798  
     160           6373            6211  
     161           6459            6296  
     162           6873            6709  
     163           6989            6820  
     164           7152            6983  
     165           7352            7183  
     166           6289            6119  
     167           7422            7249  
     168           7420            7250  
     169           7129            6952  
     170           6961            6788  
     171           7162            6989  
     172           7870            7694  
     173           8172            7994  
     174           7773            7594  
     175           8427            8249  
     176           7925            7743  
     177           8648            8467  
     178           8348            8166  
     179           7841            7661  
     180           7838            7657  
     181           8876            8688  
     182           7740            7554  
     183           9068            8878  
     184           8688            8503  
     185           8681            8491  
     186           9029            8837  
     187           8923            8728  
     188           9205            9011  
     189           9428            9237  
     190           9860            9665  
     191           9065            8873  
     192           9487            9290  
     193           9583            9387  
     194           9668            9472  
     195          10012            9809  
     196          10432           10232  
     197           9856            9656  
     198           9820            9620  
     199           9764            9561  
     200           9787            9588  
     201          10160            9956  
     202          11159           10952  
     203          11019           10811  
     204          11270           11063  
     205          10453           10247  
     206          11627           11416  
     207          10900           10686  
     208          11375           11161  
     209          11583           11371  
     210          12135           11918  
     211          11585           11374  
     212          12178           11964  
     213          12543           12325  
     214          12517           12297  
     215          11980           11758  
     216          11785           11564  
     217          11974           11753  
     218          11217           10993  
     219          11950           11725  
     220          11869           11643  
     221          12478           12255  
     222          12714           12485  
     223          12678           12453  
     224          13944           13715  
     225          13790           13562  
     226          13423           13195  
     227          12794           12561  
     228          12337           12108  
     229          13076           12846  
     230          13365           13129  
     231          12681           12446  
     232          14478           14242  
     233          12682           12446  
     234          13836           13595  
     235          13592           13352  
     236          15097           14857  
     237          13763           13524  
     238          14854           14611  
     239          15249           15007  
     240          14866           14622  
     241          14752           14509  
     242          15169           14921  
     243          15294           15049  
     244          14938           14689  
     245          15994           15745  
     246          15843           15594  
     247          15705           15457  
     248          15987           15735  
     249          16232           15981  
     250          16692           16437  
     251          16091           15838  
     252          16277           16020  
     253          14886           14629  
     254          16146           15884  
     255          18200           17940  
     256          16266           16004  
     257          16476           16213  
     258          17341           17076  
     259          16954           16690  
     260          18444           18175  
     261          17529           17264  
     262          16531           16266  
     263          18493           18226  
     264          18279           18011  
     265          18781           18511  
     266          18851           18580  
     267          18768           18498  
     268          18820           18550  
     269          17559           17286  
     270          18775           18498  
     271          20278           20000  
     272          20066           19785  
     273          19654           19377  
     274          19692           19414  
     275          20579           20299  
     276          19379           19097  
     277          19176           18892  
     278          20960           20680  
     279          20433           20150  
     280          20682           20397  
     281          20204           19919  
     282          20079           19794  
     283          19952           19663  
     284          20982           20694  
     285          22354           22066  
     286          21251           20962  
     287          22722           22432  
     288          22832           22541  
     289          19819           19529  
     290          20684           20387  
     291          22394           22099  
     292          20618           20324  
     293          22973           22674  
     294          22264           21961  
     295          21190           20894  
     296          24160           23858  
     297          21639           21339  
     298          21713           21414  
     299          21847           21543  
     300          21542           21239  
     301          24000           23693  
     302          22804           22497  
     303          24260           23952  
     304          22763           22454  
     305          24584           24279  
     306          24502           24192  
     307          22704           22396  
     308          24898           24586  
     309          24147           23830  
     310          24126           23809  
     311          24343           24026  
     312          25993           25677  
     313          24934           24619  
     314          26382           26062  
     315          24407           24087  
     316          26912           26591  
     317          26749           26426  
     318          27464           27141  
     319          26822           26500  
     320          26819           26495  
     321          25764           25435  
     322          26585           26258  
     323          27811           27484  
     324          27145           26817  
     325          28178           27849  
     326          28218           27885  
     327          28464           28133  
     328          25349           25019  
     329          28026           27693  
     330          27488           27150  
     331          28440           28103  
     332          28701           28366  
     333          28555           28218  
     334          29201           28863  
     335          27862           27522  
     336          27991           27649  
     337          28744           28401  
     338          28222           27876  
     339          31221           30877  
     340          28855           28511  
     341          29926           29582  
     342          30353           30009  
     343          29627           29279  
     344          29219           28869  
     345          30688           30340  
     346          31197           30848  
     347          30950           30598  
     348          29916           29564  
     349          31623           31269  
     350          31712           31360  
     351          33638           33281  
     352          33383           33025  
     353          31795           31437  
     354          30873           30515  
     355          32092           31733  
     356          32658           32300  
     357          33680           33317  
     358          35087           34722  
     359          33644           33281  
     360          34828           34464  
     361          32094           31728  
     362          32659           32294  
     363          32178           31811  
     364          32932           32564  
     365          33041           32670  
     366          35183           34809  
     367          34121           33752  
     368          33581           33208  
     369          33399           33024  
     370          34976           34602  
     371          35368           34993  
     372          35679           35303  
     373          35310           34930  
     374          33191           32814  
     375          35922           35541  
     376          36834           36453  
     377          35213           34829  
     378          37229           36848  
     379          35938           35553  
     380          35676           35289  
     381          37976           37593  
     382          37687           37298  
     383          36484           36093  
     384          36985           36598  
     385          37688           37298  
     386          38025           37633  
     387          36875           36483  
     388          39278           38883  
     389          38807           38412  
     390          38020           37626  
     391          39849           39455  
     392          39966           39566  
     393          39103           38707  
     394          39919           39523  
     395          39737           39337  
     396          41481           41081  
     397          41243           40842  
     398          41288           40883  
     399          41537           41133  
     400          42275           41872  
     401          41712           41310  
     402          41569           41161  
     403          43153           42745  
     404          39425           39017  
     405          40260           39855  
     406          41797           41386  
     407          42554           42143  
     408          43444           43033  
     409          42534           42121  
     410          42242           41826  
     411          42541           42127  
     412          41750           41334  
     413          43307           42890  
     414          43105           42686  
     415          44597           44174  
     416          44813           44392  
     417          43004           42584  
     418          42501           42077  
     419          43046           42622  
     420          44511           44085  
     421          45262           44837  
     422          43926           43502  
     423          42785           42357  
     424          45239           44810  
     425          43750           43323  
     426          47099           46672  
     427          47851           47421  
     428          46490           46061  
     429          48947           48513  
     430          45971           45536  
     431          47835           47400  
     432          48393           47957  
     433          45786           45349  
     434          48530           48089  
     435          46278           45841  
     436          48168           47723  
     437          49171           48728  
     438          49300           48859  
     439          49971           49531  
     440          48927           48482  
     441          50856           50413  
     442          48874           48428  
     443          48435           47987  
     444          48324           47873  
     445          47655           47207  
     446          51726           51276  
     447          52747           52292  
     448          51110           50658  
     449          52721           52268  
     450          50797           50342  
     451          49286           48824  
     452          49307           48847  
     453          51343           50887  
     454          52960           52503  
     455          53154           52694  
     456          53866           53402  
     457          53473           53013  
     458          51705           51243  
     459          51498           51036  
     460          51544           51082  
     461          51297           50831  
     462          55477           55010  
     463          54284           53814  
     464          53459           52989  
     465          55738           55269  
     466          53901           53429  
     467          54990           54515  
     468          56998           56521  
     469          53440           52959  
     470          57801           57324  
     471          56576           56103  
     472          57383           56904  
     473          56074           55597  
     474          56693           56214  
     475          56383           55904  
     476          57988           57507  
     477          56333           55853  
     478          61521           61039  
     479          60138           59654  
     480          57331           56849  
     481          56526           56042  
     482          57869           57383  
     483          56873           56380  
     484          59504           59015  
     485          59327           58839  
     486          59430           58939  
     487          61189           60699  
     488          62129           61641  
     489          62928           62429  
     490          61383           60891  
     491          62086           61589  
     492          59201           58705  
     493          59399           58901  
     494          61068           60562  
     495          62113           61610  
     496          63438           62938  
     497          62848           62347  
     498          61550           61046  
     499          63599           63094  
     500          61952           61446  
     501          63913           63409  
     502          61610           61101  
     503          64945           64436  
     504          64448           63940  
     505          65170           64663  
     506          62183           61671  
     507          69962           69450  
     508          67137           66621  
     509          68108           67591  
     510          62033           61520  
     511          66051           65532  
     512          65741           65225  
#+ -------+--------------+--------------+--------------+--------------+--------------+--------------+
